GCK J19281071+3722346 292.04464 37.37628 18.581 0.019 -999.990 -999.990  58.23  1871056 Kepler-264   13.038 13.473 12.995 12.851 12.760 11.917 11.692 11.590
GCK J19295289+3734056 292.47037 37.56821 23.079 0.610 -999.990 -999.990   1.78  2165002 Kepler-263   15.391 16.089 15.346 15.092 14.969 13.993 13.531 13.548
GCK J19252754+3736322 291.36477 37.60894 21.181 0.143 -999.990 -999.990   7.58  2302548 Kepler-261   13.562 14.271 13.495 13.259 13.118 12.127 11.672 11.585
GCK J19294109+3740582 292.42121 37.68283 18.074 0.014 -999.990 -999.990  77.30  2307415 Kepler-356   12.992 13.349 12.949 12.839 12.805 12.000 11.744 11.704
GCK J19211125+3744588 290.29689 37.74966 21.967 0.154 -999.990 -999.990   7.07  2438264 Kepler-156   14.172 14.897 14.104 13.861 13.726 12.734 12.255 12.154
GCK J19214103+3751059 290.42097 37.85164 18.034 0.011 -999.990 -999.990  94.55  2571238 Kepler- 19   11.898 12.376 11.851 11.694 11.612 10.718 10.375 10.317
GCK J19023881+3757522 285.66170 37.96449 19.407 0.017 -999.990 -999.990  63.59  2692377 Kepler- 98   12.899 13.424 12.843 12.675 12.618 11.672 11.316 11.253
GCK J19275428+3803181 291.97615 38.05503 18.745 0.019 -999.990 -999.990  58.34  2854914 Kepler-268   13.703 14.082 13.654 13.540 13.532 12.675 12.410 12.381
GCK J19253175+3807391 291.38227 38.12752 17.486 0.009 -999.990 -999.990 120.72  2989404 Kepler-323   12.722 13.084 12.659 12.567 12.510 11.689 11.423 11.353
GCK J19032485+3823028 285.85356 38.38410 21.123 0.052 -999.990 -999.990  21.02  3217264 Kepler-149   14.001 14.635 13.941 13.729 13.632 12.694 12.273 12.183
GCK J19303797+3820442 292.65820 38.34561 22.626 0.228 -999.990 -999.990   4.77  3239945 Kepler-167   14.023 14.805 13.951 13.688 13.542 12.445 11.974 11.832
GCK J19374404+3821202 294.43350 38.35561 20.532 0.085 -999.990 -999.990  12.85  3247268 Kepler-418   14.696 15.153 14.644 14.501 14.421 13.493 13.243 13.102
GCK J19021774+3824033 285.57393 38.40090 19.510 0.018 -999.990 -999.990  60.28  3323887 Kepler-  9   13.803 14.247 13.731 13.613 13.581 12.710 12.391 12.336
GCK J19262571+3824372 291.60714 38.41033 18.934 0.021 -999.990 -999.990  51.17  3342794 Kepler-376   13.776 14.139 13.703 13.620 13.514 12.696 12.384 12.320
GCK J19263690+3829405 291.65373 38.49458 21.388 0.125 -999.990 -999.990   8.69  3342970 Kepler-234   15.541 16.007 15.483 15.341 15.262 14.387 14.103 14.064
GCK J19314143+3828384 292.92262 38.47734 20.770 0.080 -999.990 -999.990  13.54  3348082 Kepler-274   15.035 15.534 14.977 14.822 14.699 13.772 13.458 13.455
GCK J19295513+3830541 292.47971 38.51502 20.353 0.047 -999.990 -999.990  23.04  3447722 Kepler-275   15.319 15.679 15.231 15.165 15.138 14.276 14.026 13.957
GCK J19291833+3839277 292.32638 38.65768 19.258 0.025 -999.990 -999.990  44.15  3548044 Kepler-371   13.865 14.294 13.805 13.681 13.606 12.701 12.355 12.343
GCK J19215881+3847441 290.49504 38.79559 17.480 0.010 -999.990 -999.990 106.67  3642289 Kepler-135   12.730 13.066 12.673 12.586 12.587 11.721 11.507 11.455
GCK J19362658+3842371 294.11076 38.71031 19.307 0.025 -999.990 -999.990  42.75  3656121 Kepler-146   13.838 14.250 13.796 13.661 13.600 12.739 12.471 12.474
GCK J19414149+3844084 295.42289 38.73565 19.059 0.038 -999.990 -999.990  28.93  3661886 Kepler-377   13.860 14.262 13.822 13.688 13.620 12.801 12.474 12.468
GCK J19242325+3852315 291.09687 38.87541 19.501 0.036 -999.990 -999.990  30.11  3745690 Kepler-157   14.002 14.460 13.951 13.806 13.738 12.939 12.627 12.573
GCK J19010802+3856506 285.28341 38.94738 22.984 0.194 -999.990 -999.990   5.59  3832474 Kepler- 30   15.403 16.048 15.349 15.126 15.017 13.996 13.618 13.580
GCK J19424831+3856450 295.70129 38.94582 18.591 0.023 -999.990 -999.990  48.08  3867615 Kepler-379   13.358 13.743 13.310 13.193 13.158 12.340 12.092 12.005
GCK J19061997+3904380 286.58321 39.07723 19.013 0.015 -999.990 -999.990  74.14  3939150 Kepler-277   13.420 13.871 13.364 13.226 13.152 12.288 12.003 11.965
GCK J19341637+3902113 293.56821 39.03647 20.989 0.074 -999.990 -999.990  14.70  3962243 Kepler-276   15.368 15.857 15.297 15.159 15.047 14.233 13.867 13.837
GCK J19340739+3918575 293.53078 39.31597 21.345 0.095 -999.990 -999.990  11.46  4270253 Kepler-183   14.943 15.452 14.876 14.725 14.648 13.726 13.384 13.307
GCK J19063327+3929152 286.63863 39.48756 15.103 0.002   15.035    0.220 448.34  4349452 Kepler- 25   10.734 11.293 10.778                9.764  9.532  9.493
GCK J19153992+3935418 288.91634 39.59496 21.150 0.085 -999.990 -999.990  12.75  4455231 Kepler-288   15.151 15.691 15.120 14.919 14.815 14.000 13.662 13.586
GCK J19043894+3940410 286.16226 39.67806 21.881 0.098 -999.990 -999.990  11.06  4545187 Kepler-121   14.708 15.317 14.646 14.447 14.318 13.320 12.885 12.795
GCK J18560764+3946542 284.03183 39.78173 23.330 0.300 -999.990 -999.990   3.62  4633570 Kepler-158   14.427 15.350 14.382 14.031 13.825 12.721 12.137 12.057
GCK J19014072+3942222 285.41967 39.70616 18.963 0.015 -999.990 -999.990  73.76  4636578 Kepler-350   13.781 14.185 13.734 13.608 13.570 12.717 12.449 12.393
GCK J19151486+3946148 288.81192 39.77077 19.969 0.039 -999.990 -999.990  27.55  4644952 Kepler-319   13.828 14.380 13.758 13.591 13.540 12.631 12.314 12.208
GCK J19242684+3956567 291.11184 39.94908 19.498 0.025 -999.990 -999.990  42.78  4833421 Kepler-122   14.247 14.667 14.202 14.067 14.032 13.173 12.887 12.826
GCK J19525164+3957188 298.21517 39.95522 18.229 0.026 -999.990 -999.990  41.19  4862625 Kepler- 64   13.718 14.055 13.665 13.574 13.536 12.714 12.461 12.394
GCK J19155629+4003524 288.98455 40.06456 17.788 0.012 -999.990 -999.990  93.29  4914423 Kepler-103   12.287 12.649 12.214 12.132 12.091 11.192 10.941 10.872
GCK J19134816+4014432 288.45068 40.24534 16.841 0.007 -999.990 -999.990 147.61  5088536 Kepler-130   11.529 12.130 11.581               10.810 10.529 10.490
GCK J19213425+4017058 290.39270 40.28496 17.433 0.009 -999.990 -999.990 117.69  5094751 Kepler-109   12.365 12.735 12.300 12.206 12.175 11.314 11.045 11.000
GCK J19255249+4020373 291.46872 40.34369 22.467 0.188 -999.990 -999.990   5.79  5185897 Kepler-398   13.256 14.255 13.189 12.828 12.631 11.513 10.932 10.794
GCK J19434407+4018013 295.93361 40.30036 15.707 0.004   15.707    0.220 250.48  5202905 Kepler-340   12.345 12.404 12.325 12.366 12.398 11.724 11.628 11.583
GCK J19234668+4028483 290.94450 40.48008 19.225 0.022 -999.990 -999.990  48.71  5272233 Kepler-400   13.642 14.078 13.586 13.454 13.400 12.566 12.288 12.295
GCK J19430840+4026223 295.78499 40.43952 21.991 0.199 -999.990 -999.990   5.44  5289854 Kepler-308   15.809 16.377 15.767 15.566 15.447 14.614 14.153 14.186
GCK J19511082+4025032 297.79507 40.41757 21.288 0.158 -999.990 -999.990   6.89  5299459 Kepler-307   14.072 14.646 13.997 13.826 13.714 12.833 12.451 12.320
GCK J19530052+4029468 298.25216 40.49633 20.664 0.103 -999.990 -999.990  10.59  5301750 Kepler- 84   14.764 15.272 14.718 14.547 14.440 13.583 13.233 13.192
GCK J19125618+4031158 288.23407 40.52106 21.472 0.104 -999.990 -999.990  10.46  5351250 Kepler-150   14.985 15.497 14.934 14.766 14.670 13.817 13.422 13.367
GCK J19212596+4034044 290.35818 40.56788 22.810 0.360 -999.990 -999.990   3.02  5357901 Kepler-425   14.741 15.416 14.650 14.452 14.339 13.375 12.930 12.805
GCK J19215079+4033456 290.46162 40.56266 21.444 0.105 -999.990 -999.990  10.31  5358241 Kepler- 53   15.386 15.867 15.354 15.179 15.139 14.252 13.906 13.807
GCK J19481674+4031308 297.06976 40.52522 16.163 0.006 -999.990 -999.990 186.51  5383248 Kepler- 96   10.297 10.736 10.228 10.109 10.064  9.259  8.928  8.868
GCK J19490120+4032541 297.25499 40.54837 17.060 0.009 -999.990 -999.990 118.07  5384079 Kepler-348   12.556 12.875 12.500 12.419 12.447 11.708 11.454 11.377
GCK J19113536+4038162 287.89733 40.63783 21.478 0.104 -999.990 -999.990  10.40  5436502 Kepler-238   15.084 15.600 15.003 14.862 14.768 13.894 13.544 13.512
GCK J19243554+4040098 291.14810 40.66938 19.878 0.035 -999.990 -999.990  30.79  5446285 Kepler- 88   13.113 13.623 13.038 12.895 12.832 11.881 11.516 11.454
GCK J19580041+4040148 299.50170 40.67077 21.100 0.113 -999.990 -999.990   9.61  5480640 Kepler-399   14.467 15.022 14.435 14.230 14.103 13.175 12.778 12.698
GCK J18515496+4047042 282.97902 40.78451 17.300 0.006 -999.990 -999.990 172.08  5511081 Kepler-338   12.119 12.497 12.073 11.957 11.940 11.098 10.840 10.756
GCK J19035996+4055101 285.99982 40.91947 22.092 0.162 -999.990 -999.990   6.72  5689351 Kepler-169   14.194 14.929 14.123 13.878 13.760 12.728 12.282 12.185
GCK J19140741+4056326 288.53086 40.94240 17.396 0.011 -999.990 -999.990 101.99  5695396 Kepler-131   11.525 11.969 11.466 11.334 11.309 10.417 10.127 10.079
GCK J19284108+4054586 292.17115 40.91627 21.662 0.122 -999.990 -999.990   8.92  5706595 Kepler-370   15.198 15.712 15.143 14.978 14.888 13.977 13.650 13.550
GCK J19502238+4058382 297.59326 40.97727 20.316 0.082 -999.990 -999.990  13.24  5728139 Kepler-433   14.463 14.953 14.413 14.253 14.166 13.201 12.948 12.826
GCK J19563338+4056560 299.13908 40.94889 20.502 0.076 -999.990 -999.990  14.28  5735762 Kepler- 48   13.040 13.692 13.009 12.761 12.692 11.701 11.291 11.221
GCK J19141956+4105234 288.58150 41.08982 18.234 0.015 -999.990 -999.990  72.80  5780885 Kepler-  7   12.885 13.260 12.815 12.724 12.683 11.833 11.601 11.535
GCK J19283900+4101243 292.16250 41.02340 21.773 0.122 -999.990 -999.990   8.87  5791986 Kepler-151   14.769 15.370 14.697 14.512 14.395 13.382 12.997 12.864
GCK J19452551+4105338 296.35628 41.09272 14.712 0.004   14.571    0.220 263.16  5807616 Kepler- 70   15.019 14.731 15.115 15.447 15.704 15.355 15.592 15.494
GCK J19494885+4100398 297.45353 41.01105 15.548 0.005   15.534    0.220 200.37  5812701 Kepler-448   11.353 11.571 11.280 11.245 11.260 10.461 10.287 10.233
GCK J19144529+4109044 288.68870 41.15124 15.812 0.004 -999.990 -999.990 241.58  5866724 Kepler- 65   11.018 11.336 10.955 10.882 10.858 10.066  9.852  9.805
GCK J18573839+4114154 284.40996 41.23762 19.599 0.023 -999.990 -999.990  47.46  5941160 Kepler-200   13.984 14.441 13.944 13.789 13.746 12.871 12.580 12.455
GCK J19220245+4114406 290.51022 41.24462 20.432 0.056 -999.990 -999.990  19.26  5956342 Kepler-265   15.381 15.803 15.348 15.201 15.149 14.252 13.935 13.897
GCK J19343027+4116221 293.62613 41.27279 17.446 0.009 -999.990 -999.990 120.44  5966154 Kepler-201   13.004 13.312 12.958 12.872 12.868 12.037 11.784 11.737
GCK J18515366+4119193 282.97357 41.32202 21.624 0.118 -999.990 -999.990   9.23  6020753 Kepler-202   13.872 14.701 13.801 13.517 13.362 12.255 11.733 11.638
GCK J18524609+4118197 283.19205 41.30546 20.253 0.032 -999.990 -999.990  34.27  6021193 Kepler-363   13.353 13.917 13.284 13.112 13.058 12.111 11.755 11.696
GCK J18525659+4120353 283.23578 41.34314 16.566 0.005 -999.990 -999.990 235.26  6021275 Kepler-132   11.818 12.172 11.749 11.666 11.632 10.797 10.516 10.423
GCK J19205706+4119531 290.23773 41.33140 19.154 0.022 -999.990 -999.990  50.24  6037581 Kepler-336   13.598 14.012 13.549 13.420 13.356 12.487 12.194 12.144
GCK J19322217+4121202 293.09238 41.35560 20.337 0.046 -999.990 -999.990  23.37  6046540 Kepler- 74   14.412 14.876 14.350 14.212 14.182 13.305 13.007 12.958
GCK J19162074+4133456 289.08641 41.56266 17.097 0.009 -999.990 -999.990 123.45  6196457 Kepler- 92   11.565 12.481 11.679               10.747 10.470 10.403
GCK J18580509+4137472 284.52120 41.62978 21.244 0.078 -999.990 -999.990  13.95  6266741 Kepler-170   14.387 14.948 14.317 14.146 14.067 13.143 12.772 12.676
GCK J19012332+4145427 285.34715 41.76186 19.406 0.024 -999.990 -999.990  45.09  6347299 Kepler-204   13.909 14.324 13.852 13.731 13.646 12.846 12.486 12.480
GCK J19205170+4146330 290.21540 41.77583 22.916 0.261 -999.990 -999.990   4.16  6359320 Kepler-269   15.808 16.324 15.706 15.587 15.481 14.438 14.140 13.961
GCK J19470524+4145201 296.77184 41.75559 21.882 0.233 -999.990 -999.990   4.65  6381846 Kepler-171   14.883 15.455 14.835 14.638 14.544 13.586 13.230 13.205
GCK J18532845+4149199 283.36853 41.82218 21.485 0.112 -999.990 -999.990   9.65  6422155 Kepler-172   14.532 15.093 14.445 14.292 14.155 13.169 12.882 12.792
GCK J19010898+4151390 285.28743 41.86082 23.418 0.618 -999.990 -999.990   1.76  6425957 Kepler-205   13.506 14.649 13.469 13.016 12.748 11.608 10.961 10.833
GCK J19263233+4150020 291.63470 41.83390 19.462 0.024 -999.990 -999.990  44.36  6442340 Kepler-206   13.484 13.944 13.433 13.287 13.214 12.330 12.048 12.000
GCK J19350198+4152191 293.75826 41.87198 21.448 0.105 -999.990 -999.990  10.37  6448890 Kepler- 56   12.440 13.255 12.373 12.090 11.911 10.813 10.330 10.227
GCK J19383520+4153031 294.64667 41.88418 19.812 0.033 -999.990 -999.990  32.89  6451936 Kepler-173   14.209 14.658 14.188 14.017 13.953 13.080 12.762 12.667
GCK J19491994+4153283 297.33310 41.89118 17.172 0.012 -999.990 -999.990  94.05  6462863 Kepler- 89   12.205 12.551 12.186 12.057 12.039 11.217 10.957 10.926
GCK J19253266+4159246 291.38607 41.99017 16.693 0.006 -999.990 -999.990 183.17  6521045 Kepler-100   11.197 11.585 11.125 11.030 10.992 10.080  9.804  9.768
GCK J19345587+4154027 293.73280 41.90074 16.771 0.007 -999.990 -999.990 166.99  6528464 Kepler-449   11.411 11.986 11.458               10.088  9.770  9.701
GCK J19482763+4154328 297.11512 41.90911 19.406 0.043 -999.990 -999.990  25.00  6541920 Kepler- 11   13.709 14.178 13.653 13.508 13.455 12.548 12.237 12.179
GCK J18595241+4204452 284.96838 42.07923 21.597 0.093 -999.990 -999.990  11.73  6587002 Kepler-196   14.157 14.824 14.082 13.871 13.770 12.752 12.300 12.234
GCK J19002647+4202019 285.11028 42.03386 23.107 0.315 -999.990 -999.990   3.45  6587280 Kepler-243   15.086 15.785 14.997 14.787 14.657 13.621 13.191 13.064
GCK J19384180+4204320 294.67418 42.07556 19.777 0.035 -999.990 -999.990  31.03  6616218 Kepler-314   12.557 13.126 12.459 12.313 12.205 11.242 10.849 10.778
GCK J19093392+4211411 287.39133 42.19475 17.716 0.012 -999.990 -999.990  94.03  6677841 Kepler-279   13.659 13.869 13.589 13.518 13.523 12.724 12.509 12.509
GCK J19102519+4209600 287.60497 42.16666 17.120 0.008 -999.990 -999.990 129.18  6678383 Kepler-104   12.596 12.956 12.557 12.442 12.397 11.557 11.250 11.208
GCK J19200733+4209575 290.03056 42.16596 18.913 0.022 -999.990 -999.990  49.48  6685609 Kepler-207   13.182 13.594 13.129 13.005 12.982 12.099 11.840 11.804
GCK J19253374+4210502 291.39059 42.18062 20.746 0.059 -999.990 -999.990  18.29  6690082 Kepler-280   14.466 14.989 14.419 14.242 14.169 13.288 12.913 12.843
GCK J19331052+4211466 293.29381 42.19629 21.881 0.165 -999.990 -999.990   6.58  6696580 Kepler-359   15.886 16.351 15.838 15.687 15.621 14.736 14.429 14.487
GCK J19071929+4216454 286.83036 42.27929 19.833 0.034 -999.990 -999.990  31.67  6762829 Kepler- 38   13.941 14.400 13.876 13.744 13.642 12.730 12.412 12.342
GCK J19155072+4215545 288.96135 42.26514 19.359 0.029 -999.990 -999.990  37.20  6768394 Kepler- 60   13.959 14.389 13.913 13.776 13.717 12.804 12.569 12.516
GCK J19104751+4220188 287.69795 42.33856 18.900 0.019 -999.990 -999.990  56.16  6850504 Kepler- 20   12.498 12.997 12.423 12.284 12.209 11.252 10.910 10.871
GCK J19363310+4222139 294.13790 42.37053 21.028 0.065 -999.990 -999.990  16.72  6871071 Kepler-374   14.686 15.167 14.650 14.480 14.389 13.503 13.180 13.135
GCK J18450917+4227042 281.28820 42.45117 18.229 0.010 -999.990 -999.990 108.81  6922244 Kepler-  8   13.563 13.886 13.511 13.424 13.413 12.576 12.323 12.292
GCK J19052597+4224241 286.35819 42.40669 22.292 0.184 -999.990 -999.990   5.92  6932987 Kepler-293   15.368 15.903 15.295 15.138 15.087 14.098 13.781 13.660
GCK J19113992+4226146 287.91632 42.43739 22.714 0.269 -999.990 -999.990   4.03  6936909 Kepler-291   15.934 16.435 15.855 15.719 15.640 14.688 14.336 14.150
GCK J19275058+4225589 291.96074 42.43304 20.082 0.036 -999.990 -999.990  30.25  6949061 Kepler-343   14.128 14.583 14.068 13.975 13.875 13.038 12.721 12.682
GCK J19533501+4227353 298.39586 42.45981 18.117 0.015 -999.990 -999.990  74.27  6975129 Kepler-312   12.949 13.355 12.895 12.775 12.729 11.901 11.663 11.596
GCK J19353365+4231408 293.89022 42.52799 18.603 0.015 -999.990 -999.990  74.07  7040629 Kepler-208   13.749 14.302 13.699 13.511        12.547 12.309 12.210
GCK J19455215+4235559 296.46729 42.59887 16.649 0.008 -999.990 -999.990 133.24  7050989 Kepler-136   12.459 12.512 12.404               10.804 10.573 10.519
GCK J19054869+4239287 286.45285 42.65797 22.579 0.249 -999.990 -999.990   4.35  7102316 Kepler-351   15.990 16.575 15.936 15.739 15.632 14.669 14.205 14.096
GCK J19244078+4238266 291.16992 42.64073 20.198 0.049 -999.990 -999.990  22.27  7115785 Kepler-209   13.998 14.536 13.944 13.768 13.685 12.797 12.432 12.362
GCK J19434711+4239316 295.94628 42.65878 20.702 0.090 -999.990 -999.990  12.10  7132798 Kepler-119   14.236 14.761 14.164 14.011 13.919 12.996 12.635 12.580
GCK J19455595+4239479 296.48311 42.66329 22.752 0.373 -999.990 -999.990   2.91  7134976 Kepler-246   15.024 15.744 14.958 14.716 14.562 13.586 13.150 13.038
GCK J18473980+4246321 281.91582 42.77558 16.242 0.004 -999.990 -999.990 257.01  7175184 Kepler-144   11.992 12.282 11.944 11.868 11.872 11.050 10.830 10.791
GCK J19475963+4246553 296.99847 42.78204 18.989 0.028 -999.990 -999.990  38.98  7219825 Kepler-123   14.061 14.458 14.013 13.891 13.819 12.981 12.724 12.654
GCK J19031191+4248427 285.79963 42.81185 20.784 0.058 -999.990 -999.990  18.57  7265298 Kepler-355   15.087 15.518 15.033 14.902 14.858 14.006 13.592 13.673
GCK J19110566+4252101 287.77360 42.86947 21.084 0.070 -999.990 -999.990  15.61  7269974 Kepler-160   14.619 15.113 14.587 14.407 14.349 13.460 13.101 13.051
GCK J19495169+4252581 297.46539 42.88281 19.319 0.031 -999.990 -999.990  35.04  7303287 Kepler-289   13.956 14.403 13.921 13.764 13.691 12.861 12.596 12.507
GCK J19312973+4257596 292.87388 42.96656 21.761 0.188 -999.990 -999.990   5.77  7366258 Kepler- 82   15.158 15.718 15.096 14.918 14.803 13.878 13.526 13.518
GCK J19342075+4255439 293.58646 42.92886 20.859 0.059 -999.990 -999.990  18.30  7368664 Kepler-434   14.517 14.970 14.445 14.322 14.277 13.400 13.035 13.038
GCK J18483245+4302219 282.13521 43.03942 19.951 0.035 -999.990 -999.990  30.78  7419318 Kepler-137   12.990 13.582 12.918 12.736 12.653 11.650 11.228 11.164
GCK J19143436+4302216 288.64317 43.03933 23.122 0.503 -999.990 -999.990   2.16  7434875 Kepler-247   15.067 15.794 14.990 14.755 14.630 13.596 13.178 13.051
GCK J19274846+4304284 291.95193 43.07457 20.387 0.048 -999.990 -999.990  22.76  7445445 Kepler-184   14.338 14.831 14.279 14.126 14.010 13.099 12.752 12.689
GCK J19014537+4310072 285.43905 43.16867 20.507 0.054 -999.990 -999.990  20.11  7509886 Kepler-211   13.283 13.953 13.217 12.997 12.888 11.926 11.487 11.446
GCK J19102899+4308302 287.62079 43.14172 18.689 0.019 -999.990 -999.990  58.17  7515212 Kepler-212   13.178 13.504 13.111 13.038        11.931 11.699 11.620
GCK J19290897+4311498 292.28739 43.19716 18.589 0.016 -999.990 -999.990  68.64  7529266 Kepler-435   13.643 14.013 13.610 13.485 13.448 12.592 12.345 12.291
GCK J18442697+4313402 281.11236 43.22783 16.961 0.006 -999.990 -999.990 187.71  7582689 Kepler-431   11.973 12.308 11.932 11.830 11.809 10.945 10.678 10.648
GCK J19213154+4317354 290.38141 43.29316 22.238 0.197 -999.990 -999.990   5.51  7603200 Kepler-138   12.925 14.014 12.893 12.457        10.293  9.680  9.506
GCK J19475545+4312351 296.98105 43.20974 19.592 0.035 -999.990 -999.990  31.42  7626506 Kepler-112   13.771 14.282 13.739 13.552 13.448 12.583 12.226 12.154
GCK J19132885+4321164 288.37022 43.35455 17.695 0.012 -999.990 -999.990  91.12  7673192 Kepler-402   13.268 13.567 13.221 13.140 13.127 12.303 12.082 11.993
GCK J19143859+4322052 288.66078 43.36811 17.815 0.013 -999.990 -999.990  82.99  7673841 Kepler-392   13.455 13.791 13.421 13.311 13.310 12.413 12.150 12.121
GCK J19520553+4321488 298.02306 43.36356 21.522 0.125 -999.990 -999.990   8.69  7703955 Kepler-315   15.321 15.883 15.278 15.079 14.936 13.981 13.621 13.580
GCK J19192674+4328218 289.86141 43.47273 20.742 0.057 -999.990 -999.990  19.14  7747425 Kepler-341   14.601 15.073 14.550 14.398 14.332 13.416 13.112 12.993
GCK J19321487+4334525 293.06197 43.58126 23.304 0.585 -999.990 -999.990   1.86  7825899 Kepler-248   15.258 15.919 15.187 14.974 14.868 13.910 13.442 13.356
GCK J19385808+4332123 294.74198 43.53676 18.721 0.022 -999.990 -999.990  49.85  7831264 Kepler-116   13.717 14.047 13.668 13.575 13.557 12.702 12.486 12.382
GCK J19042649+4340515 286.11038 43.68098 20.266 0.043 -999.990 -999.990  25.25  7877496 Kepler-412   14.309 14.727 14.240 14.130 14.077 13.189 12.932 12.836
GCK J19371613+4337449 294.31723 43.62913 22.751 0.442 -999.990 -999.990   2.46  7898352 Kepler-302   15.505 16.016 15.460 15.286 15.189 14.259 13.913 13.900
GCK J19130108+4342177 288.25448 43.70492 19.522 0.036 -999.990 -999.990  30.34  7950644 Kepler-427   14.221 14.621 14.172 14.049 13.990 13.160 12.814 12.776
GCK J19490692+4343262 297.27883 43.72394 20.516 0.052 -999.990 -999.990  20.69  7977197 Kepler-162   14.248 14.763 14.211 14.028 13.955 13.041 12.708 12.657
GCK J18495232+4353243 282.46798 43.89009 21.962 0.149 -999.990 -999.990   7.27  8008206 Kepler-185   14.458 15.127 14.393 14.172 14.075 13.050 12.586 12.515
GCK J19004394+4349519 285.18308 43.83107 14.570 0.003   14.394    0.220 413.45  8013439 Kepler-381   10.421 11.052 10.479                9.721  9.547  9.504
GCK J19094531+4349553 287.43881 43.83202 22.142 0.213 -999.990 -999.990   5.09  8017703 Kepler-174   14.287 15.001 14.237 13.981 13.837 12.791 12.292 12.183
GCK J19181281+4352350 289.55339 43.87640 20.526 0.058 -999.990 -999.990  18.85  8022244 Kepler-175   14.939 15.408 14.889 14.737 14.685 13.772 13.487 13.496
GCK J18495814+4358486 282.49226 43.98017 15.982 0.005 -999.990 -999.990 238.83  8077137 Kepler-128   11.390 11.697 11.315 11.258 11.241 10.372 10.093 10.108
GCK J18431230+4402029 280.80127 44.03413 21.178 0.095 -999.990 -999.990  11.48  8142787 Kepler-439   14.560 15.077 14.499 14.339 14.250 13.343 12.955 12.919
GCK J19573771+4402059 299.40711 44.03497 18.702 0.016 -999.990 -999.990  68.55  8191672 Kepler-  5   13.369 13.883 13.321 13.148        12.115 11.863 11.769
GCK J19591116+4405212 299.79648 44.08923 19.904 0.028 -999.990 -999.990  38.34  8193178 Kepler-187   14.173 14.669 14.129 13.960 13.853 12.955 12.615 12.566
GCK J19024147+4407004 285.67277 44.11679 22.600 0.239 -999.990 -999.990   4.55  8219268 Kepler- 91   12.495 13.407 12.406 12.104 11.919 10.789 10.234 10.135
GCK J19374884+4408444 294.45349 44.14568 18.668 0.021 -999.990 -999.990  51.75  8240797 Kepler-321   12.706 13.248 12.653 12.474        11.621 11.300 11.249
GCK J19375618+4410003 294.48407 44.16676 22.509 0.243 -999.990 -999.990   4.48  8240904 Kepler-266   15.590 16.153 15.533 15.348 15.269 14.300 13.907 13.810
GCK J19461586+4406212 296.56609 44.10590 21.703 0.208 -999.990 -999.990   5.23  8247638 Kepler-251   15.223 15.783 15.187 14.983 14.890 13.960 13.596 13.631
GCK J18452370+4417427 281.34875 44.29518 20.201 0.043 -999.990 -999.990  25.45  8277797 Kepler-322   13.530 14.088 13.491 13.292 13.191 12.246 11.867 11.836
GCK J18520071+4417023 283.00297 44.28397 19.332 0.027 -999.990 -999.990  40.63  8280511 Kepler-271   13.404 13.883 13.367 13.198 13.111 12.198 11.819 11.744
GCK J19172336+4412307 289.34732 44.20852 14.654 0.002   14.499    0.220 453.47  8292840 Kepler-126   10.500 10.904 10.514                9.616  9.407  9.344
GCK J18450713+4418564 281.27970 44.31566 20.783 0.066 -999.990 -999.990  16.41  8344004 Kepler-188   14.674 15.135 14.625 14.476 14.464 13.535 13.196 13.144
GCK J18575582+4423523 284.48258 44.39785 18.554 0.019 -999.990 -999.990  58.42  8349582 Kepler- 95   12.346 12.778 12.272 12.161 12.107 11.210 10.867 10.801
GCK J19101551+4418191 287.56464 44.30530 22.590 0.226 -999.990 -999.990   4.80  8355239 Kepler-189   14.859 15.515 14.790 14.579 14.462 13.407 12.941 12.920
GCK J19182585+4420438 289.60772 44.34550 20.575 0.056 -999.990 -999.990  19.43  8359498 Kepler- 77   13.938 14.449 13.871 13.720 13.658 12.757 12.444 12.361
GCK J20020412+4422535 300.51718 44.38154 18.720 0.015 -999.990 -999.990  72.28  8394721 Kepler- 79   13.914 14.273 13.879 13.761 13.741 12.913 12.653 12.605
GCK J20032733+4420153 300.86388 44.33758 18.244 0.013 -999.990 -999.990  82.91  8395660 Kepler-106   12.882 13.293 12.850 12.706 12.646 11.752 11.493 11.430
GCK J18484811+4425193 282.20044 44.42204 18.941 0.023 -999.990 -999.990  47.12  8410727 Kepler-270   13.908 14.232 13.841 13.769 13.660 12.938 12.614 12.627
GCK J19345808+4426553 293.74201 44.44869 18.734 0.027 -999.990 -999.990  40.82  8435766 Kepler- 78   11.551 12.182 11.460 11.281 11.129 10.183  9.675  9.586
GCK J18561425+4431061 284.05937 44.51836 15.641 0.004   15.636    0.220 257.40  8478994 Kepler- 37    9.705 10.418  9.779                8.356  8.000  7.942
GCK J19253308+4431447 291.38781 44.52908 16.866 0.007 -999.990 -999.990 156.04  8494142 Kepler-145   11.931 12.239 11.897 11.799 11.759 10.913 10.692 10.628
GCK J19231783+4438493 290.82430 44.64703 19.627 0.035 -999.990 -999.990  30.94  8557374 Kepler-213   13.648 14.093 13.577 13.457 13.408 12.477 12.169 12.121
GCK J19263680+4441171 291.65331 44.68809 18.995 0.022 -999.990 -999.990  49.12  8559644 Kepler-111   13.492 13.876 13.426 13.327 13.301 12.412 12.111 12.109
GCK J19343387+4439262 293.64112 44.65728 22.620 0.293 -999.990 -999.990   3.71  8564587 Kepler- 57   14.809 15.428 14.736 14.544 14.437 13.436 13.022 12.897
GCK J19344234+4436566 293.67643 44.61572 20.555 0.071 -999.990 -999.990  15.32  8564674 Kepler-349   14.746 15.201 14.676 14.551 14.461 13.583 13.282 13.176
GCK J19454460+4438294 296.43583 44.64151 20.884 0.089 -999.990 -999.990  12.25  8572936 Kepler- 34   14.875 15.372 14.830 14.662 14.575 13.605 13.301 13.237
GCK J18584255+4447517 284.67729 44.79769 20.695 0.066 -999.990 -999.990  16.42  8609450 Kepler-282   15.204 15.632 15.164 15.020 14.971 14.080 13.717 13.650
GCK J19040628+4446582 286.02616 44.78283 19.169 0.023 -999.990 -999.990  46.51  8611832 Kepler-384   13.584 14.036 13.540 13.390 13.324 12.419 12.082 12.038
GCK J19142016+4444017 288.58401 44.73380 21.670 0.116 -999.990 -999.990   9.33  8616637 Kepler-190   14.137 14.787 14.064 13.858 13.745 12.727 12.278 12.230
GCK J19521905+4444474 298.07939 44.74650 20.842 0.062 -999.990 -999.990  17.62  8644288 Kepler- 18   13.549 14.160 13.479 13.287 13.187 12.189 11.872 11.756
GCK J19134729+4448059 288.44705 44.80164 22.661 0.297 -999.990 -999.990   3.66  8680979 Kepler-330   15.261 15.970 15.199 14.957 14.829 13.859 13.314 13.259
GCK J19330270+4452072 293.26125 44.86867 19.072 0.035 -999.990 -999.990  30.88  8692861 Kepler- 69   13.749 14.190 13.701 13.559 13.496 12.631 12.284 12.233
GCK J18590120+4457219 284.75498 44.95609 18.857 0.020 -999.990 -999.990  55.63  8738735 Kepler-214   13.949 14.293 13.907 13.802 13.775 12.941 12.678 12.606
GCK J19245404+4455387 291.22515 44.92743 21.678 0.124 -999.990 -999.990   8.79  8751933 Kepler-420   14.651 15.313 14.602 14.367 14.246 13.221 12.826 12.726
GCK J19272356+4458060 291.84817 44.96834 18.910 0.018 -999.990 -999.990  59.04  8753657 Kepler-406   12.520 13.005 12.461 12.312 12.260 11.339 11.035 10.970
GCK J18530156+4505158 283.25649 45.08772 19.913 0.048 -999.990 -999.990  22.55  8800954 Kepler-421   13.354 13.928 13.314 13.107 13.008 12.009 11.618 11.535
GCK J19041125+4503099 286.04688 45.05275 20.433 0.085 -999.990 -999.990  12.74  8806123 Kepler-177   15.000 15.416 14.941 14.822 14.754 13.858 13.570 13.420
GCK J18523626+4508241 283.15108 45.14003 13.975 0.002   13.606    0.220 496.96  8866102 Kepler-410 A  9.364  9.669  9.329  9.234  9.299  8.416  8.191  8.140
GCK J19235889+4511311 290.99536 45.19199 17.521 0.010 -999.990 -999.990 111.79  8883329 Kepler-393   13.223 13.494 13.178 13.107 13.076 12.324 12.086 11.994
GCK J19235366+4517249 290.97359 45.29024 21.355 0.087 -999.990 -999.990  12.46  8950568 Kepler- 85   14.779 15.318 14.725 14.548 14.499 13.551 13.192 13.083
GCK J19395363+4512495 294.97344 45.21375 18.823 0.030 -999.990 -999.990  35.90  8962094 Kepler-215   13.580 14.045 13.541 13.380 13.298 12.416 12.064 11.996
GCK J19505087+4515435 297.71195 45.26208 18.788 0.015 -999.990 -999.990  71.43  8972058 Kepler-115   13.431 13.870 13.384 13.243 13.200 12.314 12.028 11.970
GCK J18525105+4520581 283.21270 45.34947 21.191 0.108 -999.990 -999.990  10.08  9002278 Kepler- 62   13.725 14.417 13.654 13.429 13.302 12.256 11.739 11.659
GCK J19012302+4522046 285.34592 45.36796 21.317 0.102 -999.990 -999.990  10.68  9006449 Kepler-295   14.447 14.990 14.400 14.214 14.131 13.144 12.762 12.717
GCK J19053562+4520370 286.39842 45.34360 21.956 0.152 -999.990 -999.990   7.15  9008737 Kepler-404   15.228 15.769 15.146 14.995 14.912 13.907 13.526 13.477
GCK J19244403+4519240 291.18346 45.32333 22.074 0.158 -999.990 -999.990   6.89  9020160 Kepler-191   14.808 15.460 14.731 14.529 14.408 13.419 12.958 12.882
GCK J19273120+4523163 291.88001 45.38786 19.537 0.030 -999.990 -999.990  36.12  9022166 Kepler-368   12.848 13.366 12.794 12.626 12.539 11.599 11.228 11.175
GCK J19441543+4525432 296.06431 45.42866 20.077 0.072 -999.990 -999.990  15.00  9101496 Kepler-335   13.996 14.433 13.934 13.809 13.752 12.848 12.573 12.496
GCK J19114029+4535350 287.91786 45.59305 21.000 0.078 -999.990 -999.990  13.97  9146018 Kepler-192   14.129 14.663 14.064 13.899 13.814 12.891 12.512 12.426
GCK J19111158+4539246 287.79824 45.65682 18.767 0.020 -999.990 -999.990  53.73  9209624 Kepler-387   13.987 14.355 13.945 13.830 13.805 12.909 12.608 12.535
GCK J19123951+4548589 288.16464 45.81637 21.992 0.150 -999.990 -999.990   7.22  9334289 Kepler-254   15.843 16.344 15.806 15.629 15.568 14.675 14.268 14.253
GCK J19360552+4551115 294.02301 45.85321 20.141 0.068 -999.990 -999.990  15.91  9347899 Kepler- 31   15.237 15.592 15.199 15.086 15.071 14.233 13.983 13.871
GCK J19563269+4552122 299.13622 45.87007 21.399 0.077 -999.990 -999.990  14.15  9364290 Kepler-382   14.623 15.212 14.601 14.371 14.267 13.403 12.952 12.890
GCK J19380319+4558539 294.51330 45.98163 21.128 0.170 -999.990 -999.990   6.41  9410930 Kepler- 41   14.465 14.996 14.410 14.238 14.182 13.262 12.938 12.891
GCK J19004559+4601412 285.18997 46.02811 16.585 0.007 -999.990 -999.990 145.24  9451706 Kepler-127   11.485 11.779 11.422 11.358 11.352 10.535 10.300 10.233
GCK J19093398+4603336 287.39160 46.05934 22.985 0.324 -999.990 -999.990   3.35  9455556 Kepler-294   15.843 16.362 15.788 15.620 15.570 14.567 14.263 14.172
GCK J19161861+4600188 289.07752 46.00521 19.429 0.027 -999.990 -999.990  40.90  9458613 Kepler- 33   13.988 14.392 13.943 13.815 13.741 12.871 12.619 12.590
GCK J19301925+4605498 292.58020 46.09716 21.699 0.176 -999.990 -999.990   6.16  9466668 Kepler-256   15.065 15.569 14.992 14.849 14.820 13.823 13.496 13.423
GCK J19371815+4600086 294.32561 46.00238 21.269 0.158 -999.990 -999.990   6.86  9471268 Kepler-326   13.693 14.404 13.623 13.388 13.260 12.228 11.782 11.673
GCK J19475049+4602037 296.96037 46.03437 19.385 0.024 -999.990 -999.990  44.46  9478990 Kepler- 39   14.327 14.742 14.279 14.149 14.076 13.236 12.999 12.917
GCK J19593515+4603070 299.89647 46.05196 19.726 0.027 -999.990 -999.990  39.68  9489524 Kepler-352   12.957 13.570 12.898 12.694 12.613 11.609 11.178 11.131
GCK J19120278+4607039 288.01159 46.11775 21.560 0.130 -999.990 -999.990   8.37  9518318 Kepler-346   15.214 15.676 15.114 15.016 14.888 13.967 13.611 13.582
GCK J19325125+4610303 293.21354 46.17507 17.978 0.021 -999.990 -999.990  51.65  9529744 Kepler-320   13.474 13.793 13.433 13.337 13.333 12.545 12.282 12.307
GCK J19345474+4607449 293.72808 46.12913 18.767 0.030 -999.990 -999.990  36.10  9530945 Kepler-216   13.998 14.372 13.948 13.837 13.790 12.955 12.695 12.621
GCK J19113294+4616340 287.88724 46.27611 17.751 0.012 -999.990 -999.990  91.60  9579641 Kepler-105   12.791 13.111 12.732 12.654 12.648 11.810 11.554 11.503
GCK J19320903+4616403 293.03763 46.27786 16.928 0.010 -999.990 -999.990 106.25  9590976 Kepler-217   13.294 13.683 13.237 13.128        12.319 12.176 12.103
GCK J19392762+4617097 294.86508 46.28602 21.969 0.226 -999.990 -999.990   4.80  9595827 Kepler- 71   15.127 15.692 15.061 14.885 14.803 13.926 13.550 13.468
GCK J19413908+4616003 295.41282 46.26674 20.773 0.084 -999.990 -999.990  12.96  9597345 Kepler-218   13.967 14.507 13.891 13.735 13.652 12.731 12.385 12.310
GCK J18503112+4619239 282.62967 46.32329 19.142 0.025 -999.990 -999.990  42.70  9631995 Kepler-422   13.435 13.832 13.376 13.265 13.235 12.356 12.125 12.041
GCK J19295992+4619279 292.49966 46.32443 21.967 0.194 -999.990 -999.990   5.59  9650808 Kepler-344   15.378 15.928 15.317 15.141 15.021 14.082 13.708 13.660
GCK J19394773+4626206 294.94887 46.43905 21.081 0.096 -999.990 -999.990  11.33  9718066 Kepler-378   12.485 13.383 12.398 12.100 11.930 10.846 10.317 10.201
GCK J19455967+4634383 296.49861 46.57731 19.741 0.037 -999.990 -999.990  29.07  9782691 Kepler-193   14.615 15.013 14.568 14.444 14.431 13.538 13.242 13.217
GCK J19005779+4640059 285.24080 46.66831 19.663 0.036 -999.990 -999.990  30.46  9818381 Kepler- 43   13.958 14.352 13.885 13.790 13.766 12.858 12.605 12.548
GCK J19080950+4638249 287.03957 46.64025 19.263 0.026 -999.990 -999.990  41.77  9821454 Kepler- 59   14.307 14.669 14.259 14.152 14.116 13.253 12.974 12.928
GCK J19125088+4636549 288.21200 46.61525 21.369 0.101 -999.990 -999.990  10.74  9823457 Kepler-259   15.219 15.698 15.162 15.013 14.931 14.009 13.673 13.554
GCK J19355559+4641158 293.98161 46.68772 20.837 0.117 -999.990 -999.990   9.29  9836149 Kepler- 66   15.200 15.661 15.133 15.002 14.923 14.021 13.689 13.621
GCK J19375927+4641236 294.49695 46.68989 22.096 0.180 -999.990 -999.990   6.02  9837578 Kepler- 35   15.726 16.303 15.691 15.479 15.375 14.425 14.035 13.875
GCK J19092870+4646052 287.36957 46.76811 17.724 0.012 -999.990 -999.990  89.09  9881662 Kepler-140   12.996 13.316 12.939 12.858 12.855 11.989 11.759 11.708
GCK J19145734+4645455 288.73890 46.76264 19.609 0.031 -999.990 -999.990  35.27  9884104 Kepler-219   13.764 14.174 13.692 13.588 13.537 12.678 12.400 12.388
GCK J19194116+4644405 289.92150 46.74458 17.779 0.010 -999.990 -999.990 106.94  9886361 Kepler-403   12.805 13.129 12.743 12.666 12.635 11.830 11.574 11.537
GCK J19304275+4643359 292.67813 46.72664 17.752 0.015 -999.990 -999.990  73.08  9892816 Kepler-342   13.147 13.431 13.089 13.025 13.033 12.220 11.999 11.957
GCK J19471282+4644284 296.80342 46.74121 18.697 0.016 -999.990 -999.990  68.64  9904006 Kepler-361   13.573 13.940 13.513 13.416 13.348 12.525 12.275 12.198
GCK J19535585+4647372 298.48270 46.79368 19.533 0.024 -999.990 -999.990  45.68  9909735 Kepler-318   13.297 13.809 13.246 13.077 13.029 12.147 11.832 11.766
GCK J19075321+4652064 286.97170 46.86844 13.008 0.001   12.076    0.220 833.53  9941662 Kepler- 13    9.958  9.697 10.045 10.548 10.020  9.465  9.455  9.425
GCK J19082426+4653477 287.10110 46.89659 21.174 0.087 -999.990 -999.990  12.50  9941859 Kepler-178   14.598 15.143 14.548 14.364 14.278 13.279 12.967 12.898
GCK J19260149+4653451 291.50622 46.89587 21.757 0.190 -999.990 -999.990   5.70  9950612 Kepler-220   13.177 13.823 13.125 12.899        11.206 10.672 10.550
GCK J19344300+4651098 293.67918 46.85273 16.061 0.007 -999.990 -999.990 150.25  9955598 Kepler-409    9.439  9.971  9.364  9.211  9.154  8.199  7.838  7.767
GCK J19463715+4650073 296.65478 46.83537 20.766 0.057 -999.990 -999.990  19.14  9963524 Kepler-221   13.749 14.358 13.699 13.489 13.382 12.413 11.994 11.900
GCK J19093349+4659035 287.38952 46.98431 14.959 0.003   14.868    0.220 323.54 10001893 Kepler-429   15.846 15.483 15.967 16.308 16.607 16.362 15.705 16.611
GCK J19113752+4656166 287.90632 46.93793 22.500 0.200 -999.990 -999.990   5.43 10002866 Kepler-222   15.063 15.689 14.988 14.795 14.729 13.717 13.340 13.234
GCK J19152145+4659125 288.83937 46.98682 20.408 0.053 -999.990 -999.990  20.48 10004738 Kepler-310   14.279 14.782 14.242 14.063 14.149 13.055 12.689 12.625
GCK J19400064+4659147 295.00265 46.98743 21.055 0.087 -999.990 -999.990  12.54 10019643 Kepler-163   14.415 14.921 14.350 14.198 14.129 13.194 12.849 12.784
GCK J19411147+4655138 295.29779 46.92049 21.302 0.116 -999.990 -999.990   9.38 10020423 Kepler- 47   15.178 15.667 15.126 14.969 14.858 13.970 13.638 13.535
GCK J18481471+4705080 282.06131 47.08556 19.013 0.027 -999.990 -999.990  40.71 10055126 Kepler-311   13.797 14.147 13.726 13.647 13.591 12.750 12.470 12.417
GCK J19083380+4706547 287.14082 47.11519 18.040 0.014 -999.990 -999.990  78.97 10130039 Kepler-334   12.776 13.157 12.713 12.612 12.582 11.710 11.448 11.409
GCK J19201452+4709501 290.06049 47.16391 18.725 0.018 -999.990 -999.990  59.71 10136549 Kepler-337   12.727 13.185 12.672 12.530 12.469 11.537 11.256 11.182
GCK J18455580+4712282 281.48252 47.20783 19.603 0.036 -999.990 -999.990  30.56 10187017              11.492 12.289 11.428 11.150 11.034  9.983  9.445  9.351
GCK J19531636+4716473 298.31818 47.27980 22.375 0.186 -999.990 -999.990   5.84 10227020 Kepler-223   15.344 15.903 15.301 15.105 14.963 14.095 13.727 13.632
GCK J18461682+4723550 281.57010 47.39861 18.389 0.019 -999.990 -999.990  56.18 10253547              13.660 13.952 13.593 13.536 13.522 12.676 12.419 12.387
GCK J19105017+4719590 287.70905 47.33305 16.224 0.006 -999.990 -999.990 190.89 10264660 Kepler- 14   12.128 12.363 12.063 12.024 12.031 11.201 11.067 10.987
GCK J18444677+4729501 281.19486 47.49724 21.596 0.161 -999.990 -999.990   6.77 10318874 Kepler- 94   12.895 13.814 12.778 12.501 12.322 11.180 10.680 10.593
GCK J19063909+4724499 286.66287 47.41385 21.615 0.112 -999.990 -999.990   9.67 10328393 Kepler-332   14.017 14.729 13.943 13.713 13.580 12.557 12.073 11.974
GCK J19532353+4729280 298.34804 47.49112 21.407 0.094 -999.990 -999.990  11.52 10358759 Kepler- 29   15.282 15.793 15.239 15.063 14.953 14.131 13.673 13.657
GCK J19270518+4731478 291.77156 47.52994 20.212 0.057 -999.990 -999.990  19.07 10404582 Kepler-362   14.500 14.973 14.464 14.298 14.219 13.321 12.920 12.784
GCK J19471527+4731356 296.81361 47.52657 20.000 0.037 -999.990 -999.990  29.06 10418224 Kepler- 40   14.588 14.968 14.541 14.424 14.371 13.535 13.294 13.269
GCK J19110740+4737478 287.78085 47.62995 19.432 0.029 -999.990 -999.990  37.22 10460984 Kepler-164   14.282 14.634 14.224 14.131 14.088 13.253 13.007 12.935
GCK J19251251+4741524 291.30214 47.69789 21.203 0.097 -999.990 -999.990  11.20 10468940 Kepler-273   14.968 15.512 14.921 14.735 14.607 13.682 13.349 13.217
GCK J19515303+4743543 297.97095 47.73176 21.163 0.135 -999.990 -999.990   8.07 10552611 Kepler-141   13.448 14.223 13.361 13.116 12.986 11.955 11.484 11.393
GCK J19543928+4745434 298.66368 47.76205 21.784 0.136 -999.990 -999.990   7.98 10554999 Kepler-179   14.613 15.241 14.556 14.344 14.249 13.278 12.872 12.750
GCK J18424576+4748348 280.69069 47.80967 22.643 0.564 -999.990 -999.990   1.93 10577994 Kepler-165   14.802 15.455 14.749 14.522 14.409 13.429 12.926 12.842
GCK J19011466+4750548 285.31110 47.84856 17.523 0.012 -999.990 -999.990  89.19 10586004 Kepler-129   11.696 12.646 11.817               10.600 10.325 10.252
GCK J19165217+4753032 289.21737 47.88421 17.230 0.009 -999.990 -999.990 127.26 10593626 Kepler- 22   11.664 12.098 11.627 11.478 11.448 10.522 10.211 10.151
GCK J19275311+4751506 291.97129 47.86405 20.537 0.094 -999.990 -999.990  11.58 10600261 Kepler-194   14.915 15.369 14.872 14.721 14.630 13.779 13.449 13.512
GCK J19533481+4748540 298.39506 47.81500 20.649 0.057 -999.990 -999.990  19.05 10619192 Kepler- 17   14.141 14.639 14.078 13.928 13.840 12.992 12.669 12.585
GCK J19285935+4758101 292.24728 47.96948 14.974 0.005   14.885    0.220 230.17 10666592 Kepler-  2   10.463 10.935 10.490                9.555  9.344  9.334
GCK J19142829+4805551 288.61786 48.09864 22.486 0.251 -999.990 -999.990   4.32 10723367 Kepler-375   15.699 16.194 15.650 15.486 15.422 14.535 14.092 14.080
GCK J19151032+4802247 288.79301 48.04020 19.231 0.023 -999.990 -999.990  47.68 10723750 Kepler-117   14.274 14.607 14.213 14.131 14.095 13.323 12.987 13.010
GCK J19253377+4803564 291.39070 48.06566 22.882 0.257 -999.990 -999.990   4.22 10730034 Kepler-285   15.173 15.780 15.096 14.913 14.764 13.887 13.435 13.319
GCK J18495051+4815253 282.46046 48.25702 21.026 0.094 -999.990 -999.990  11.55 10843590              14.262 14.864 14.232 14.004 13.955 12.945 12.483 12.417
GCK J19224233+4817392 290.67638 48.29423 21.251 0.100 -999.990 -999.990  10.82 10858691 Kepler-286   15.587 16.082 15.533 15.374 15.265 14.387 14.057 14.121
GCK J19325525+4816527 293.23021 48.28131 21.789 0.143 -999.990 -999.990   7.61 10864531 Kepler-358   15.375 15.893 15.319 15.153 15.102 14.105 13.788 13.651
GCK J19330770+4817093 293.28208 48.28592 20.328 0.052 -999.990 -999.990  20.95 10864656 Kepler-432   12.183 12.896 12.135 11.878 11.734 10.683 10.221 10.121
GCK J19450865+4813293 296.28604 48.22480 22.239 0.176 -999.990 -999.990   6.17 10872983 Kepler-228   15.714 16.234 15.677 15.492 15.441 14.528 14.112 14.131
GCK J19480676+4812313 297.02815 48.20870 18.395 0.013 -999.990 -999.990  85.58 10875245 Kepler-107   12.487 12.904 12.427 12.309 12.274 11.391 11.114 11.060
GCK J19515076+4814400 297.96150 48.24445 19.996 0.035 -999.990 -999.990  30.94 10878263 Kepler-414   13.338 13.879 13.276 13.106 13.034 12.086 11.750 11.698
GCK J18530134+4821188 283.25559 48.35522 20.223 0.057 -999.990 -999.990  19.11 10905239 Kepler-101   13.770 14.406 13.720 13.497        12.403 12.112 12.011
GCK J19490668+4819133 297.27785 48.32036 19.216 0.020 -999.990 -999.990  55.57 10933561 Kepler-133   12.848 13.328 12.789 12.642 12.578 11.679 11.398 11.320
GCK J18590872+4825238 284.78634 48.42327 13.672 0.002   13.167    0.220 511.95 10963065 Kepler-408    8.769  9.028  8.700  8.658  8.630  7.783  7.538  7.485
GCK J19234258+4826369 290.92741 48.44358 21.266 0.117 -999.990 -999.990   9.25 10973814 Kepler-287   14.775 15.296 14.713 14.551 14.454 13.541 13.201 13.134
GCK J19332437+4826405 293.35154 48.44459 20.907 0.076 -999.990 -999.990  14.21 10978763 Kepler-339   14.531 15.054 14.469 14.307 14.205 13.279 12.894 12.874
GCK J19402863+4828543 295.11930 48.48175 18.876 0.020 -999.990 -999.990  55.00 10982872 Kepler-142   13.203 13.645 13.158 13.013 12.969 12.092 11.801 11.762
GCK J18524970+4834501 283.20707 48.58060 21.096 0.144 -999.990 -999.990   7.54 11014932 Kepler-299   15.017 15.493 14.961 14.813 14.765 13.875 13.509 13.435
GCK J19010441+4833359 285.26836 48.55996 18.406 0.020 -999.990 -999.990  53.60 11017901 Kepler-447   12.394 12.895 12.350 12.179 12.119 11.211 10.878 10.805
GCK J19025236+4830201 285.71815 48.50557 21.895 0.234 -999.990 -999.990   4.63 11018648 Kepler-230   15.082 15.640 15.040 14.842 14.765 13.823 13.369 13.298
GCK J19410934+4836002 295.28893 48.60004 20.031 0.043 -999.990 -999.990  25.50 11037335 Kepler-300   14.201 14.644 14.155 14.012 13.965 13.112 12.803 12.742
GCK J19543000+4834400 298.62498 48.57778 21.796 0.115 -999.990 -999.990   9.41 11046458 Kepler-424   14.256 14.847 14.188 14.003 13.937 12.904 12.599 12.470
GCK J19091856+4840233 287.32731 48.67313 17.957 0.017 -999.990 -999.990  65.21 11075737              12.872 13.296 12.834 12.690 12.665 11.743 11.407 11.345
GCK J19192615+4841375 289.85898 48.69376 22.413 0.312 -999.990 -999.990   3.48 11080405 Kepler-386   15.629 16.336 15.588 15.327 15.198 14.182 13.753 13.605
GCK J19314298+4836101 292.92909 48.60280 17.798 0.014 -999.990 -999.990  79.62 11086270 Kepler-110   12.935 13.288 12.891 12.784 12.769 11.919 11.657 11.622
GCK J18493471+4845327 282.39464 48.75907 18.278 0.031 -999.990 -999.990  35.46 11121752 Kepler-380   13.652 14.047 13.614 13.483 13.464 12.614 12.349 12.288
GCK J18525023+4846391 283.20927 48.77753 19.778 0.056 -999.990 -999.990  19.40 11122894 Kepler-297   14.232 14.628 14.158 14.063 13.985 13.121 12.785 12.779
GCK J19531077+4846318 298.29486 48.77550 20.875 0.058 -999.990 -999.990  18.84 11153121 Kepler-313   14.167 14.647 14.076 13.961 13.807 12.868 12.551 12.516
GCK J19323835+4852518 293.15977 48.88106 21.507 0.163 -999.990 -999.990   6.65 11192998 Kepler-166   14.701 15.296 14.654 14.446 14.359 13.346 12.941 12.875
GCK J19443190+4858385 296.13291 48.97737 17.930 0.011 -999.990 -999.990 101.07 11253827 Kepler-396   11.921 12.429 11.862 11.703 11.646 10.672 10.355 10.285
GCK J19070068+4903541 286.75283 49.06504 21.277 0.099 -999.990 -999.990  10.93 11288051 Kepler-124   14.139 14.740 14.089 13.881 13.749 12.779 12.314 12.233
GCK J19240775+4902250 291.03228 49.04028 15.621 0.006   15.614    0.220 178.92 11295426 Kepler- 68    9.997 10.410  9.926  9.820  9.817  8.974  8.662  8.587
GCK J19472448+4905038 296.85201 49.08440 20.222 0.040 -999.990 -999.990  27.14 11308499 Kepler-366   14.842 15.263 14.774 14.662 14.569 13.708 13.384 13.351
GCK J19423036+4907495 295.62651 49.13041 20.208 0.039 -999.990 -999.990  27.81 11358389 Kepler-365   14.651 15.141 14.609 14.440 14.409 13.483 13.154 13.144
GCK J19444814+4908243 296.20057 49.14008 20.042 0.036 -999.990 -999.990  30.57 11359879 Kepler- 15   13.758 14.266 13.687 13.540 13.484 12.577 12.282 12.215
GCK J18555577+4913584 283.98238 49.23289 20.336 0.083 -999.990 -999.990  13.02 11389771 Kepler-301   14.271 14.759 14.229 14.061 14.013 13.146 12.823 12.705
GCK J19250004+4913547 291.25017 49.23186 16.776 0.010 -999.990 -999.990 104.19 11401755 Kepler- 36   11.866 12.629 11.950               11.124 10.850 10.788
GCK J19250149+4915321 291.25621 49.25892 19.576 0.044 -999.990 -999.990  24.95 11401767 Kepler-372   14.881 15.215 14.829 14.738 14.715 13.878 13.563 13.558
GCK J18574404+4918186 284.43349 49.30516 18.947 0.033 -999.990 -999.990  32.51 11442793 Kepler- 90   13.804 14.139 13.741 13.660 13.634 12.789 12.531 12.481
GCK J19071406+4918591 286.80860 49.31643 16.637 0.007 -999.990 -999.990 166.10 11446443 Kepler-  1   11.338 11.736 11.275 11.168 11.126 10.231  9.919  9.846
GCK J19164788+4918209 289.19950 49.30581 20.080 0.045 -999.990 -999.990  24.13 11450414 Kepler-347   14.513 14.944 14.454 14.329 14.292 13.391 13.076 13.047
GCK J19174430+4928250 289.43459 49.47360 20.773 0.079 -999.990 -999.990  13.68 11502867 Kepler-426   14.835 15.329 14.779 14.624 14.549 13.624 13.230 13.211
GCK J19365255+4928455 294.21898 49.47931 18.677 0.015 -999.990 -999.990  70.55 11512246 Kepler- 23   13.438 13.890 13.430 13.244 13.216 12.352 12.047 11.997
GCK J19521625+4924442 298.06772 49.41228 19.182 0.033 -999.990 -999.990  33.09 11521793 Kepler-143   13.770 14.217 13.706 13.579 13.487 12.589 12.291 12.223
GCK J18585740+4935544 284.73915 49.59845 17.033 0.011 -999.990 -999.990 102.36 11547513 Kepler-134   12.324 12.717 12.259 12.155        11.260 10.984 10.951
GCK J19102535+4931243 287.60563 49.52342 20.272 0.043 -999.990 -999.990  25.17 11551692 Kepler-411   12.231 13.041 12.163 11.884 11.744 10.641 10.160 10.061
GCK J19165428+4932538 289.22618 49.54828 17.723 0.013 -999.990 -999.990  86.66 11554435 Kepler- 63   11.582 12.055 11.516 11.379 11.357 10.398 10.096  9.996
GCK J19311398+4934456 292.80825 49.57934 19.334 0.037 -999.990 -999.990  29.67 11560897 Kepler-430   13.848 14.234 13.799 13.682 13.625 12.743 12.486 12.391
GCK J19040875+4936524 286.03646 49.61457 19.187 0.027 -999.990 -999.990  40.68 11600889 Kepler-407   12.521 13.046 12.442 12.296 12.235 11.332 10.983 10.910
GCK J19055319+4938565 286.47163 49.64902 21.318 0.095 -999.990 -999.990  11.42 11601584 Kepler-324   14.122 14.720 14.038 13.866 13.758 12.782 12.336 12.291
GCK J19421713+4946280 295.57137 49.77445 20.555 0.052 -999.990 -999.990  20.79 11669239 Kepler-180   14.350 14.887 14.306 14.120 14.043 13.057 12.695 12.685
GCK J19190749+4953492 289.78119 49.89700 19.628 0.045 -999.990 -999.990  23.88 11709124 Kepler-154   14.534 14.981 14.489 14.342 14.282 13.388 13.089 12.986
GCK J19192055+4949317 289.83561 49.82546 21.475 0.143 -999.990 -999.990   7.58 11709244 Kepler-325   15.009 15.553 14.973 14.776 14.721 13.805 13.400 13.351
GCK J19455512+4956163 296.47966 49.93787 20.336 0.047 -999.990 -999.990  22.89 11773022 Kepler- 51   14.669 15.140 14.628 14.467 14.431 13.561 13.218 13.196
GCK J19491016+4958553 297.29235 49.98202 21.059 0.089 -999.990 -999.990  12.18 11774991 Kepler-367   12.879 13.712 12.797 12.522 12.378 11.243 10.752 10.673
GCK J19045843+5002253 286.24347 50.04037 18.527 0.018 -999.990 -999.990  60.60 11804465 Kepler- 12   13.438 13.782 13.374 13.290 13.274 12.406 12.106 12.066
GCK J19122422+5002013 288.10092 50.03370 14.927 0.004   14.829    0.220 271.71 11807274 Kepler- 50   10.421 10.675 10.360 10.313 10.302  9.518  9.250  9.196
GCK J19443635+5005451 296.15145 50.09587 22.289 0.152 -999.990 -999.990   7.14 11823054 Kepler-181   14.707 15.325 14.645 14.442 14.328 13.364 12.948 12.875
GCK J19022774+5008087 285.61558 50.13574 17.923 0.017 -999.990 -999.990  64.45 11853905 Kepler-  4   12.211 12.614 12.135 12.038 11.963 11.121 10.836 10.804
GCK J19024307+5014292 285.67945 50.24145 16.604 0.009 -999.990 -999.990 124.00 11904151 Kepler- 10   10.961 11.388 10.920 10.778 10.729  9.888  9.563  9.496
GCK J19372122+5020113 294.33840 50.33647 20.724 0.064 -999.990 -999.990  17.09 11968463 Kepler-385   15.212 15.611 15.145 15.041 14.952 14.156 13.851 13.819
GCK J19173293+5035492 289.38721 50.59700 21.881 0.186 -999.990 -999.990   5.85 12058204 Kepler-373   14.514 15.006 14.457 14.303 14.227 13.279 12.896 12.858
GCK J19191922+5035108 289.83008 50.58633 20.510 0.075 -999.990 -999.990  14.40 12058931 Kepler-182   14.896 15.313 14.841 14.717 14.678 13.836 13.570 13.518
GCK J19405444+5033326 295.22685 50.55906 15.999 0.004 -999.990 -999.990 245.91 12068975 Kepler-197   11.811 12.104 11.775 11.685 11.677 10.814 10.576 10.535
GCK J19451251+5040206 296.30213 50.67240 19.665 0.025 -999.990 -999.990  44.13 12120307 Kepler-394   14.790 15.172 14.741 14.626 14.601 13.724 13.435 13.384
GCK J19201984+5051486 290.08267 50.86350 18.250 0.023 -999.990 -999.990  46.78 12206313 Kepler-401   13.312 13.666 13.278 13.160 13.145 12.276 12.064 11.987
GCK J19115951+5056387 287.99794 50.94408 22.316 0.222 -999.990 -999.990   4.88 12252424 Kepler-113   13.461 14.310 13.399 13.097 12.951 11.885 11.359 11.255
GCK J19135896+5104546 288.49566 51.08184 23.036 0.540 -999.990 -999.990   2.01 12302530 Kepler-155   14.258 15.231 14.163 13.841 13.617 12.532 11.887 11.804
GCK J19222926+5103267 290.62193 51.05742 20.883 0.078 -999.990 -999.990  13.97 12306058 Kepler-391   13.007 13.683 12.931 12.717 12.560 11.564 11.071 10.970
GCK J19415678+5100483 295.48659 51.01342 16.312 0.006 -999.990 -999.990 180.75 12314973 Kepler-450   11.684 11.967 11.628 11.563 11.545 10.708 10.471 10.429
GCK J19414029+5111049 295.41785 51.18471 17.573 0.013 -999.990 -999.990  85.68 12365184 Kepler-419   13.005 13.276 12.969 12.889 12.879 12.087 11.898 11.858
GCK J19431585+5107184 295.81604 51.12177 21.973 0.142 -999.990 -999.990   7.62 12366084 Kepler-232   15.367 15.912 15.311 15.133 15.081 14.179 13.798 13.765
GCK J19452800+5119117 296.36668 51.31993 24.092 1.220 -999.990 -999.990   0.89 12470844 Kepler-233   15.339 15.945 15.271 15.079 14.978 14.006 13.554 13.452
GCK J19161816+5145264 289.07565 51.75734 21.120 0.147 -999.990 -999.990   7.38 12644769 Kepler- 16   11.762 12.978 11.734 11.241 10.942  9.814  9.137  8.996
GCK J19190326+5157461 289.76358 51.96281 18.287 0.021 -999.990 -999.990  52.75 12735740 Kepler- 86   12.620 13.038 12.560 12.441 12.408 11.500 11.182 11.115
